CAPABLE
0.06696789,-0.1043963
0.06696789,-0.1043963
0.1184704,-0.1102426
0.1009737,-0.1065457
0.08654419,-0.1109625
0.08338769,-0.1023223
0.0962382,-0.1176981
0.1350564,-0.1036691
0.1276219,-0.1013853
0.07547094,-0.1110971
0.06372731,-0.1004366
0.05383805,-0.1119196
0.1277464,-0.1069746
0.07223338,-0.1189264
0.04634651,-0.1125631
0.06343184,-0.1078422
0.0449714,-0.1087523
0.04730071,-0.1108004
0.04437572,-0.1143344
0.4999712,0.1516391
0.6026818,0.3344246
0.5891118,0.3277954
0.6095804,0.3301124
0.582054,0.337577
0.62441,0.3197938
0.6290193,0.3307601
0.6273109,0.340004
0.5725276,0.3367097
0.633435,0.3340841
0.6491579,0.3439937
0.599104,0.3577484
0.6574523,0.3406997
0.6290187,0.3220237
0.6453264,0.3361831
0.651412,0.3285244
0.6347627,0.3295997
0.6055796,0.3423674
0.6900626,0.3984009
0.7670464,0.4639632
0.7495885,0.4517003
0.7443142,0.4625293
0.7479926,0.4661101
0.7286104,0.4522807
0.7265768,0.4568667
0.7724382,0.4481629
0.7452483,0.4431435
0.7420337,0.4423696
0.7614195,0.4407619
0.7484642,0.4579373
0.7489607,0.4357327
0.7426211,0.4482509
0.726554,0.4404702
0.7419816,0.4394221
0.7200139,0.4548416
1.010309,0.5594447
1.069852,0.6325213
1.08695,0.6414925
1.095249,0.6481918
1.095823,0.667645
1.086107,0.648115
1.093733,0.6524911
1.086796,0.6502993
1.082657,0.6421002
1.094219,0.6382228
1.090299,0.6499617
1.093091,0.6422825
1.093789,0.6512815
1.103549,0.6525449
1.100274,0.6556281
1.094203,0.6554908
1.101013,0.6620851
1.078245,0.651509
1.088534,0.6623368
1.082242,0.6509604
1.096462,0.6468199
1.070017,0.6581324
1.076188,0.6386271
1.085777,0.6632552
1.074741,0.6574765
1.073169,0.6395067
0.7614662,0.5555316
0.4101325,0.5671169
0.3737063,0.5409573
0.3450119,0.5238861
0.3493188,0.533249
0.363011,0.540013
0.3651504,0.5155345
0.3330993,0.5250664
0.3307424,0.537302
0.3626803,0.5166385
0.3259215,0.5283389
0.3235584,0.5228486
0.3588318,0.5226356
0.3548724,0.5209502
0.3598017,0.5254289
0.3339345,0.5175799
0.3227321,0.5055686
0.3130167,0.5139117
0.3422704,0.5032271
0.3350745,0.4967989
0.3263359,0.5197625
0.3311266,0.5117309
0.3327467,0.5206593
0.3132372,0.5023288
0.3354622,0.5001491
0.3649167,0.5021496
0.3631584,0.4913477
0.3594638,0.5052096
0.432561,0.4907258
0.4147578,0.4971603
0.4509444,0.4843071
0.4165277,0.5025632
0.4494174,0.5078049
0.4283121,0.4940144
0.4468933,0.4863119
0.4697146,0.5011067
0.4179789,0.5008156
0.4205697,0.4860666
0.3827866,0.5054104
0.4081833,0.4937131
0.4508076,0.505236
0.392188,0.4971034
0.428819,0.4813755
0.3959623,0.4733521
0.4457973,0.4756955
0.4238799,0.4560592
0.3910042,0.4673847
0.401926,0.4713362
0.4489261,0.4614505
0.4373813,0.4658851
0.3835286,0.4711766
0.4179011,0.4749075
0.3895385,0.459305
0.4846595,0.2555552
0.4765143,0.2344796
0.5137686,0.2199782
0.5301905,0.2339733
0.549146,0.2113377
0.5526682,0.228693
0.5188209,0.2207257
0.5456867,0.2224706
0.532756,0.2327598
0.4682621,0.2223026
0.4891245,0.2207045
0.5247028,0.2236165
0.5064317,0.2098135
0.4997737,0.2187692
0.4995915,0.2188398
0.5039535,0.2244487
0.4988346,0.2368925
0.5122099,0.2140449
0.47589,0.2185009
0.4991945,0.2130071
0.4991945,0.2130071
0.3397653,0.7104244
0.3454253,0.661723
0.3311755,0.7071834
0.3219948,0.6960401
0.3306923,0.704149
0.3432044,0.7011769
0.2601422,0.6936514
0.3453336,0.7035176
0.2679654,0.7045847
0.3057707,0.7001545
0.3024098,0.7029874
0.2969138,0.6941558
0.3351062,0.685337
0.3178692,0.7074374
0.3361789,0.7055701
0.3271704,0.709615
0.3115558,0.7194339
0.2994354,0.7101287
0.321183,0.6995624
0.2802113,0.7182696
0.2679599,0.7169314
0.3176048,0.7090697
0.314341,0.704922
0.3137158,0.7095204
0.2946993,0.7200341
0.2937505,0.7224329
0.3204776,0.7117647
0.3122446,0.7298502
0.3120514,0.7067319
0.2762944,0.6880947
0.2170366,0.4234702
0.1967505,0.356622
0.1938124,0.1775792
0.2061359,0.06852006
0.2157395,0.006284841
0.2125793,-0.005718803
0.1938436,0.01522872
0.1648738,-0.01797657
0.1971356,0.004040511
0.1624044,-0.007049385
0.2039852,-0.009820024
0.1815653,-0.01876645
0.1366617,-0.02538726
0.1760778,-0.03176536
0.1970988,-0.03843784
0.1552149,-0.04793768
0.1894823,-0.03987134
0.1732284,-0.05418252
0.1743381,-0.05424307
0.1539966,-0.05936045
0.1691726,-0.05217212
0.122549,-0.0670504
0.1459772,-0.05993773
0.1279539,-0.08226755
0.1241494,-0.06322479
0.1121933,-0.06165355
0.1495832,-0.06837168
0.1341491,-0.04992996
0.1184624,-0.0534191
0.1401256,-0.07328015
0.1401256,-0.07328015
0.1291763,-0.06213113
0.09953314,-0.06911995
0.1782788,-0.110755
0.2092283,-0.1495063
0.1557713,-0.1477613

PROCESS
-0.134799,-0.0964544
-0.1509265,-0.1134357
-0.1360845,-0.1097907
-0.1249089,-0.1026519
-0.1301622,-0.1082677
-0.1309743,-0.1061343
-0.1206832,-0.09376407
-0.2544304,0.02882358
-0.288628,0.1225057
-0.2774375,0.1423532
-0.302278,0.1388504
-0.2789871,0.1433929
-0.2735082,0.1543083
-0.2666385,0.1550063
-0.2684422,0.1387561
-0.2645592,0.1489878
-0.2760799,0.145039
-0.2673875,0.1517139
-0.2769274,0.1450811
-0.2968299,0.1477067
-0.2968261,0.1477052
-0.2726455,0.1490573
-0.2483131,0.1500659
-0.2668599,0.1556488
-0.2737946,0.1499364
-0.2677311,0.1660419
-0.3024955,0.1614489
-0.2763639,0.1455868
-0.278106,0.1539995
-0.2802696,0.1460061
-0.2806765,0.1609409
-0.2775739,0.1528639
-0.6348609,0.3340955
-0.7807567,0.3870248
-0.7807567,0.3870248
-0.7888027,0.3822054
-0.7862962,0.3995315
-0.7545061,0.400458
-0.7844977,0.4140888
-0.7934274,0.4174219
-0.8004327,0.4123152
-0.8043394,0.4251551
-0.8084902,0.4115224
-0.7888481,0.4021028
-0.8048235,0.4188453
-0.8073193,0.4164038
-0.8006179,0.4161175
-0.7962558,0.4133231
-0.819466,0.431495
-0.8105475,0.4098341
-0.8202626,0.412954
-0.8276328,0.4158553
-0.8311555,0.4252635
-0.8180877,0.4052489
-0.8187838,0.4045644
-0.8220458,0.4187317
-0.8221041,0.4102509
-0.8243216,0.4081279
-0.8276489,0.4019257
-0.8173184,0.4001355
-0.818398,0.3957329
-0.6431882,0.3671944
-0.1248846,0.3039949
0.2353563,0.1948688
0.2377272,0.1852369
0.2270818,0.1678836
0.2582912,0.1815217
0.2376493,0.1865655
0.2534789,0.1872975
0.2385387,0.164383
0.2192813,0.1775579
0.2484294,0.1753858
0.2480496,0.1735189
0.2265647,0.1710591
0.2296164,0.1759959
0.2449378,0.1648723
0.2300916,0.1658417
0.2372022,0.1762772
0.255555,0.1795965
0.216821,0.1692761
0.250219,0.1731639
0.2452829,0.1693228
0.2396564,0.1637587
0.2506569,0.1709873
0.2128322,0.159351
0.2348364,0.1594431
0.2396565,0.1662626
0.253298,0.1384232
0.251537,0.1485119
0.2221091,0.1436801
0.2085064,0.1441787
-0.6569193,0.3686821
-0.8905747,0.3976442
-0.9081075,0.3971991
-0.9014337,0.3885225
-0.9131073,0.3255313
-0.9032103,0.4027338
-0.9027795,0.4067595
-0.9082689,0.4105256
-0.9043999,0.4085997
-0.912937,0.3456179
-0.9259959,0.3475547
-0.9258435,0.3363537
-0.9175901,0.3420068
-0.9226971,0.3347138
-0.9234747,0.3285619
-0.9238007,0.3406726
-0.9303929,0.3281667
-0.9313008,0.3249051
-0.9181433,0.3945006
-0.931105,0.3474827
-0.9229134,0.3937238
-0.9328554,0.3187319
-0.8329177,0.3868854
-0.277322,0.4018993
0.2624493,0.4587961
1.043831,0.5368974
1.047812,0.5486652
1.064618,0.5395957
1.085851,0.5553494
1.092644,0.5558879
1.092479,0.5512412
1.116219,0.5680246
1.105757,0.570551
1.106961,0.5705099
1.09143,0.5764908
1.092584,0.5676053
1.072537,0.5652654
1.04829,0.571322
1.076635,0.5650602
1.06369,0.5699731
1.100395,0.5550275
1.105907,0.55056
1.079375,0.5655946
1.071136,0.5590282
1.152863,0.5896793
1.35356,0.6455779
1.287851,0.6627836
1.328967,0.6533099
1.335963,0.6605797
1.295197,0.6596698
1.290239,0.6642233
1.315807,0.6469612
1.322962,0.6511132
1.321582,0.6578234
1.347441,0.6278012
1.312276,0.633079
1.343376,0.6328149
1.319225,0.6275374
1.314337,0.6392815
1.349662,0.6521438
1.319021,0.6519519
1.311427,0.636945
1.330651,0.6333573
1.320313,0.6344253
1.343538,0.6303511
1.353285,0.6382291
1.344149,0.6302529
1.306415,0.6105264
1.329224,0.6416586
1.304439,0.6274156
1.314016,0.6333864
1.309854,0.6317884
1.309762,0.6247941
1.316085,0.6320966
1.317391,0.635359
1.317218,0.6358708
1.309406,0.6353762
1.33535,0.6339737
1.328091,0.6308888
1.3308,0.6352196
1.313644,0.6200125
1.305645,0.6124815
1.309975,0.623674
1.212409,0.5377105
1.095893,0.4370469
1.119804,0.4585336
1.110464,0.4226267
1.122688,0.4142425
1.110645,0.399513
1.121215,0.4170941
1.127929,0.4024338
1.103094,0.4131565
1.09485,0.4104843
1.126947,0.4038824
1.127259,0.4054346
1.130634,0.4016678
1.133708,0.4032104
1.133555,0.406703
1.1155,0.4017202
1.128443,0.4047617
1.118944,0.3998897
0.4809379,0.5039141
-0.3849843,0.6557602
-0.4147751,0.688204
-0.4388994,0.6849323
-0.4284946,0.6880504
-0.4519467,0.6734567
-0.4590767,0.6654497
-0.4267511,0.6817994
-0.4557292,0.6668324
-0.4557056,0.6683557
-0.4630842,0.6755942
-0.4630842,0.6755942
-0.4627396,0.6770505
-0.4604542,0.6925897
-0.4851189,0.6921867
-0.4872193,0.6866507
-0.4608762,0.6977426
-0.4678048,0.6975979
-0.4824643,0.6850258
-0.4811317,0.6879343
-0.4773285,0.6978608
-0.4846744,0.6962052
-0.4827697,0.6824426
-0.468641,0.6720513
-0.4739934,0.665817
-0.4767093,0.6886899
-0.7469805,0.8943725
-0.762405,1.098087
-0.7291095,1.181946
-0.7164478,1.284469
-0.7261338,1.193156
-0.7224742,1.184331
-0.7306058,1.292052
-0.4339757,0.9310217
-0.4339757,0.9310217
-0.1232723,0.7628956
0.08421263,0.3506077
-0.04113855,-0.006370618
0.06488381,-0.1000196
0.03808898,-0.1403016
0.02813095,-0.1448079
0.02328618,-0.1489744
-0.01703896,-0.1534405
0.03309383,-0.1487677
0.0003892854,-0.1386579
0.01508112,-0.1451664
0.01508112,-0.1451664
0.009332437,-0.1483239
0.04239632,-0.1436209
0.009199426,-0.1492522
-0.01710368,-0.1573915
0.0102076,-0.1607403
0.01007181,-0.1638752
0.04119027,-0.1626948
0.03658836,-0.1648734
-0.06018374,-0.1697421
-0.3594253,-0.5064396
-0.3244955,-0.5562924
-0.3233392,-0.5489342
-0.3242461,-0.5436067
-0.320297,-0.5509995
-0.3308289,-0.5522183
-0.3269401,-0.5480379
-0.3202854,-0.5524703
-0.323144,-0.5512407
-0.3569041,-0.547014
-0.3246263,-0.5408134
-0.3218932,-0.5451074
-0.3406447,-0.539565
-0.3421287,-0.5591629
-0.3501216,-0.5482187
-0.2185602,-0.4349199
-0.06629805,-0.07645737
-0.08438504,-0.04873407
-0.0251604,-0.07903551
-0.068055,-0.07054806
-0.03400755,-0.0690243
-0.02749256,-0.06796813
-0.07370684,-0.0664828
-0.068927,-0.06280666
-0.05219081,-0.07289043
-0.06418566,-0.06615283
-0.06815635,-0.06387737
-0.01884747,-0.06942634
-0.0657327,-0.05923188
-0.05484714,-0.07380903
-0.04665197,-0.06033896
-0.06259821,-0.07548991
-0.06835392,-0.0597979
-0.05532586,-0.06390618
-0.0533586,-0.06864934
-0.05171211,-0.07784319
-0.05062007,-0.07761571
-0.05292556,-0.06533986
-0.04488621,-0.06594671
-0.05797593,-0.07153419
-0.05672349,-0.06895964
-0.0820261,-0.0664119
-0.05206998,-0.07164702

PROCESS
-0.03100241,-0.08031464
0.01609204,-0.0914432
-0.01124414,-0.08767924
-0.01349094,-0.08825624
0.01868012,-0.09080411
0.02038384,-0.08287226
-0.01282704,-0.0977211
0.02709034,-0.09062033
-0.0192588,-0.09619554
-0.01932987,-0.09625378
-0.01981626,-0.094289
-0.02204916,-0.09421731
-0.0533361,-0.07059923
-0.2274533,0.03185798
-0.2340205,0.09410857
-0.2772765,0.1021107
-0.2289845,0.1117646
-0.2302916,0.130744
-0.2227512,0.1290243
-0.2398182,0.1221831
-0.2481887,0.1304976
-0.2335885,0.1234571
-0.2691046,0.1181154
-0.2792509,0.1203726
-0.2412617,0.1428261
-0.2451191,0.1354583
-0.2558757,0.1366863
-0.248308,0.1236414
-0.2432734,0.127768
-0.2433141,0.1325094
-0.2821263,0.1279384
-0.2704511,0.1290148
-0.2416919,0.1414295
-0.2695546,0.1213851
-0.2573218,0.1313448
-0.2822045,0.1247491
-0.2413602,0.1379618
-0.2466069,0.1352718
-0.247504,0.1314386
-0.2490217,0.127738
-0.2444074,0.1215655
-0.2469863,0.1382107
-0.2416033,0.1245586
-0.3890298,0.1369973
-0.7443526,0.3356968
-0.7734693,0.3429192
-0.7686024,0.3345918
-0.7679775,0.3547919
-0.772496,0.3537779
-0.7753183,0.3511439
-0.7744418,0.3796329
-0.7764605,0.363483
-0.7805659,0.3598569
-0.7791182,0.3697148
-0.7715111,0.3740667
-0.7838822,0.3714911
-0.7912391,0.384234
-0.7915099,0.3622058
-0.7857978,0.3511147
-0.787247,0.3574043
-0.7949256,0.3693262
-0.7614365,0.3663067
-0.7979134,0.3613239
-0.7996224,0.3562082
-0.795638,0.3609067
-0.7939,0.3626283
0.1295035,0.4753153
0.665028,0.5476052
1.125243,0.6158271
1.276602,0.6425893
1.269176,0.6540198
1.282348,0.6350268
1.296822,0.6462963
1.294571,0.6485127
1.301196,0.6464944
1.305013,0.6501549
1.306595,0.6530693
1.305912,0.6418177
1.309862,0.6360783
1.287223,0.6292548
1.297421,0.6362112
1.290115,0.6118844
1.286758,0.6295985
1.299771,0.6156198
1.300508,0.6128931
1.281672,0.6236945
1.27886,0.6037519
1.309346,0.6092448
1.2874,0.6155616
1.298815,0.6138688
1.295903,0.6170563
1.303848,0.6264751
1.295171,0.624854
1.276376,0.632589
1.307359,0.6291354
1.311794,0.619821
1.311826,0.6198534
1.302772,0.6142081
1.28992,0.6273796
0.4656496,0.5382335
-0.5899607,0.5120174
-0.8460322,0.4875853
-0.8425938,0.4149308
-0.8560162,0.3168951
-0.8181239,0.3091285
-0.8298848,0.329254
-0.8459718,0.3099325
-0.8507061,0.3009161
-0.8528907,0.2947144
-0.8529691,0.3082486
-0.858949,0.3043756
-0.8548662,0.2847483
-0.8489062,0.3083323
-0.8541774,0.3108393
-0.8557912,0.3032009
-0.8593875,0.294289
-0.8542301,0.299891
-0.8655596,0.3043064
-0.856096,0.3047046
-0.859011,0.307979
-0.8569933,0.2957428
-0.8514476,0.3063068
-0.8583201,0.3069437
-0.8546536,0.3084514
-0.8510693,0.3124111
-0.8520031,0.3167593
-0.8499996,0.3106728
-0.8486138,0.3222397
-0.8432362,0.3082251
-0.8505551,0.3149548
-0.8475716,0.314062
-0.8669996,0.3186093
-0.8501022,0.3097162
-0.8681642,0.3143964
-0.861982,0.3148899
-0.9530869,0.3860423
-0.9185454,0.3857884
-0.9146395,0.3768801
-0.9088576,0.3837358
-0.918847,0.3792806
-0.9174156,0.3797066
-0.9248723,0.3893627
-0.9151351,0.3880618
-0.9103063,0.3920551
-0.921814,0.4008474
-0.9273312,0.3995861
-0.9324234,0.3935762
-0.9349224,0.3991892
-0.9262232,0.3963678
-0.9215925,0.3932725
-0.9268578,0.403048
-0.9326339,0.3968857
-0.9143684,0.4014848
-0.9230996,0.3928655
-0.9200214,0.3806025
-0.9235336,0.3920393
-0.5891018,0.3330689
-0.2489497,0.2608602
-0.1281399,0.2066949
-0.1294653,0.2105529
-0.1289228,0.2153886
-0.1326988,0.219799
0.1565054,0.1450212
0.1438254,0.1502695
0.165083,0.1404921
0.1526186,0.1436966
0.1522612,0.1319343
0.1721016,0.1407014
0.1581366,0.1333341
0.2030881,0.1408175
0.1813592,0.1352238
0.1463135,0.1106659
0.1811112,0.1275946
0.2271317,0.1450241
0.1840155,0.1225677
0.1341687,0.06346454
0.1835286,0.1281703
0.157937,0.1222749
0.1796867,0.1261556
0.1570922,0.1230647
0.2301178,0.1387396
0.1712761,0.1218807
0.1986935,0.1195891
0.1659927,0.1185417
0.1595457,0.1234366
0.1939797,0.1239982
0.1648091,0.1094499
0.1898241,0.1185767
0.1782625,0.1164848
0.1882245,0.1248077
0.2140423,0.1161138
0.1881265,0.1144802
0.1785953,0.1160999
0.1817541,0.1043673
0.1799374,0.1110225
0.1768238,0.1148882
0.1952078,0.1235389
0.1784046,0.1209121
0.1786653,0.1147629
0.1927247,0.1131191
0.1917984,0.1181944
0.1890632,0.1155587
0.1904516,0.1117299
0.1892832,0.1109535
0.1889986,0.1149102
0.1894075,0.1138791
0.2101622,0.1150432
0.1621353,0.1114023
0.180728,0.1241466
0.210195,0.1274678
0.5074826,0.2014405
0.8958383,0.3581269
0.9004481,0.3756158
0.9254889,0.3948264
0.9306821,0.3996862
0.9311551,0.392497
0.9646403,0.4035905
0.949226,0.3861279
0.9644141,0.382133
0.9434739,0.3790595
0.9547969,0.3704132
0.9815243,0.3838607
1.195819,0.412531
1.185815,0.3752934
1.205571,0.3740923
1.139085,0.3841726
1.139085,0.3841726
1.14137,0.3829215
1.145125,0.3917248
1.140825,0.4011559
1.147182,0.4073253
1.133719,0.4076623
1.110226,0.4094287
1.113232,0.4046513
1.125894,0.3945304
1.123488,0.3829243
1.123488,0.3829243
1.138582,0.4034066
1.157833,0.3938588
1.136419,0.4059068
1.185719,0.3956269
1.150222,0.3922441
1.185454,0.3858081
1.169944,0.3937514
1.161546,0.3999479
1.161546,0.3999479
1.185339,0.3998646
1.143513,0.3874384
1.169179,0.3916374
1.16518,0.3918645
1.167165,0.3870224
1.167165,0.3870229
1.155576,0.3908246
1.168961,0.3806041
0.3944446,0.5308478
-0.06414512,0.6025096
-0.278628,0.676765
-0.2992636,0.7037139
-0.2678723,0.6803586
-0.3034311,0.6837113
-0.2829163,0.6716257
-0.2819773,0.6881402
-0.2706244,0.6935939
-0.2892777,0.7013147
-0.322124,0.6838261
-0.3077366,0.699851
-0.3056799,0.6802191
-0.5033504,0.7020297
-0.4679429,0.6879697
-0.4728918,0.6866953
-0.4535446,0.7133872
-0.4753194,0.6945974
-0.4679606,0.7079685
-0.4334108,0.7076551
-0.4409488,0.7128282
-0.486621,0.6906704
-0.4560514,0.6994442
-0.4692258,0.7011082
-0.4795587,0.6914206
-0.4699472,0.7043914
-0.4814488,0.6892139
-0.4785188,0.7005642
-0.4721522,0.6998578
-0.4857151,0.6983598
-0.474583,0.6839807
-0.474583,0.6839807
-0.4951633,0.6895777
-0.4946875,0.6961088
-0.4569596,0.6859085
-0.4799514,0.6833466
-0.4769956,0.6952067
-0.4801429,0.706778
-0.4507096,0.6873677
-0.4481463,0.7059126
-0.484196,0.6987101
-0.4796629,0.7057494
-0.4810407,0.7030653
-0.4485287,0.70489
-0.4780922,0.7056371
-0.4780922,0.7056371
-0.4680584,0.7077626
-0.4708723,0.7193735
-0.4708723,0.7193735
-0.4727015,0.6978806
-0.2346435,0.5602
-0.09354883,0.4271008
-0.03577061,0.3171628
0.005627327,0.1039104
0.1008627,-0.1345403
0.08143974,-0.146309
0.06704192,-0.07159965
0.06775935,-0.07125932
0.06775935,-0.07125932
0.1118632,-0.07765651
0.08134355,-0.09073383
0.06866397,-0.08645991
0.06324133,-0.08950173
0.1102955,-0.08440784
0.06816028,-0.09448535
0.08120353,-0.09465984
0.0797039,-0.09354939
0.06297737,-0.1024512
0.06457418,-0.1010217
0.05295834,-0.1023349
0.06037376,-0.09260768
0.06992296,-0.1017174
0.09919225,-0.1087547
0.06282597,-0.1060845
0.03069845,-0.1022704
0.07577012,-0.1039322
0.07443322,-0.09319519
0.06703041,-0.1024701
0.08934124,-0.08016612
0.06987251,-0.1030776
0.02592395,-0.1022412

PROCESS
-0.01960843,-0.03471455
-0.02437278,-0.02943854
-0.01730046,-0.03647128
-0.02541543,-0.02738357
-0.02658662,-0.03679047
-0.01942494,-0.05392747
-0.02160289,-0.04102251
-0.03544316,-0.04623078
-0.03729718,-0.02552227
-0.04420664,-0.0123908
-0.0455309,-0.005355999
-0.04969335,-0.02076507
-0.05193086,-0.007913108
-0.04727848,-0.002243287
-0.04864933,-0.01013874
-0.04958706,5.533919E-05
-0.04583047,-0.02387025
-0.2173328,0.2060262
-0.2482761,0.2281803
-0.2476942,0.2340074
-0.2834832,0.2451574
-0.2545973,0.2286645
-0.2892522,0.2330717
-0.2961566,0.2328507
-0.308516,0.2310908
-0.308516,0.2310908
-0.2832635,0.236049
-0.2703015,0.2488641
-0.2539153,0.252613
-0.2701398,0.2565535
-0.2891326,0.2469396
-0.2893814,0.2677379
-0.3110619,0.2553326
-0.2944679,0.2293352
-0.2976457,0.2229572
-0.2398583,0.2290035
-0.2266747,0.2247428
-0.2776128,0.207911
-0.2850673,0.2143207
-0.2562908,0.2151262
-0.2731949,0.2214196
-0.2891412,0.2172589
-0.2884673,0.2209714
-0.250828,0.2361834
-0.2820399,0.2170155
-0.2597423,0.2289038
-0.3111163,0.2108327
-0.4440201,0.2080004
-0.7874776,0.292163
-0.8180884,0.3258263
-0.8242521,0.2957107
-0.8258541,0.3146552
-0.8185282,0.3077756
-0.8062952,0.3089493
-0.8145571,0.302808
-0.8130415,0.3129856
-0.8290653,0.3039968
-0.8294797,0.3022381
-0.8320388,0.3008375
-0.8335838,0.3064512
-0.8298732,0.3135556
-0.8364383,0.3134038
-0.8338549,0.3147734
-0.8371742,0.3181668
-0.8279096,0.3176033
-0.8296635,0.3106421
-0.8272358,0.3969086
-0.830695,0.3116904
-0.8193612,0.3126983
-0.8351879,0.3064597
-0.8419382,0.305916
-0.8090552,0.3988651
-0.8314078,0.3810303
-0.8446703,0.3981279
-0.8440636,0.3980779
-0.8584208,0.3964241
-0.8492922,0.3964705
-0.854943,0.3947796
-0.8419022,0.3933008
-0.8467432,0.3883865
-0.8346911,0.3979003
-0.8361469,0.4019624
-0.8542477,0.414611
-0.8475757,0.3999855
-0.8562972,0.3331542
-0.8514411,0.3977947
-0.8682564,0.4041683
-0.8516274,0.3932536
-0.8584419,0.3983855
-0.8725392,0.325146
-0.8441967,0.411887
-0.8653826,0.3943292
-0.857563,0.3978184
-0.8519619,0.3878761
-0.8624818,0.403732
-0.8577001,0.4080648
-0.8595304,0.4083671
-0.8490436,0.4027624
-0.8710357,0.4111957
-0.861926,0.4177596
-0.8569747,0.4172852
-0.8520468,0.4009929
-0.8544044,0.395142
-0.8283544,0.3307354
-0.8514536,0.3978222
-0.872812,0.3211984
-0.8512874,0.4060808
-0.8607652,0.4018881
-0.8570655,0.414651
-0.8691968,0.3286872
-0.8652146,0.3360332
-0.7626503,0.4115302
-0.2326963,0.4708245
0.2695798,0.5668883
1.042336,0.5913491
1.058309,0.6003842
1.106491,0.5779742
1.099902,0.5939159
1.103018,0.6198542
1.097934,0.618817
1.124761,0.6075524
1.11162,0.5897312
1.154782,0.6098895
1.16144,0.6176999
1.227816,0.6144328
1.379733,0.6763729
1.401424,0.6929082
1.384391,0.6844351
1.406969,0.68822
1.41382,0.6932539
1.429902,0.6861847
1.396932,0.7027025
1.416239,0.6824339
1.399423,0.6901963
1.411723,0.696752
1.411968,0.7000856
1.386806,0.6817879
1.389468,0.6988194
1.377329,0.6873944
1.394568,0.6878238
1.381855,0.6932948
1.35155,0.6842363
1.356597,0.6866239
1.353867,0.6873353
1.348762,0.6765867
1.335504,0.6684185
1.315605,0.6629372
1.30708,0.6538017
1.285933,0.6593678
1.320516,0.6457843
1.314863,0.6410971
1.319194,0.6591996
1.280076,0.6626077
1.302738,0.6622108
1.318631,0.6659529
1.300382,0.6531408
1.252537,0.6621798
1.29913,0.6632233
1.323585,0.6663372
1.299439,0.6572402
1.300561,0.6503633
1.305301,0.6456593
1.30046,0.6448553
1.359899,0.6547814
1.29415,0.6474835
0.5693076,0.5398015
-0.007863306,0.5046235
-0.4149626,0.4325896
-0.6851776,0.5118989
-0.7542664,0.3977537
-0.7343138,0.3844918
-0.79625,0.378428
-0.7980101,0.3794513
-0.828692,0.393435
-0.8388953,0.3357163
-0.8716323,0.3356602
-0.8964831,0.3771579
-0.9305984,0.3428414
-0.9388866,0.392287
-0.9529614,0.3980125
-0.9604803,0.3962865
-0.9736155,0.3944344
-1.065482,0.4066277
-1.089906,0.406195
-1.084286,0.4015776
-1.073436,0.4199665
-1.078883,0.4169298
-1.079015,0.4041623
-1.080918,0.4069763
-1.050654,0.3966436
-1.035278,0.4033305
-1.034809,0.4058843
-1.0305,0.4046278
-1.015274,0.3948965
-1.004108,0.4004782
-1.001079,0.4030726
-0.9959991,0.3986458
-0.9707888,0.3921253
-0.9250455,0.389692
-0.8981304,0.3807884
-0.9246516,0.3866557
-0.9258779,0.3822544
-0.9183533,0.3663121
-0.9336358,0.3875336
-0.9304733,0.3894226
-0.9054292,0.37262
-0.9318737,0.3861437
-0.9355522,0.3903159
-0.9182568,0.3879792
-0.898447,0.3844803
-0.8976848,0.3901346
-0.8894639,0.3827917
-0.9029409,0.3946017
-0.8877538,0.3827176
-0.8844792,0.3762321
-0.8735752,0.3722432
-0.8876532,0.383049
-0.8906581,0.3737767
-0.8889946,0.3703367
-0.897043,0.3847547
-0.9011833,0.3778297
-0.8984551,0.3793854
-0.8914463,0.3730797
-0.9151928,0.3814647
-0.9187,0.3795503
-0.916905,0.3856251
-0.9193277,0.3734006
-0.9243971,0.3884036
-0.9253436,0.387576
-0.8828593,0.3822207
-0.4077502,0.3374612
-0.01711859,0.2316157
0.1408416,0.2091102
0.1761922,0.2089568
0.1447681,0.2136797
0.1428812,0.2176135
0.1531402,0.2129615
0.162832,0.2157741
0.1577449,0.2116994
0.1635014,0.2095959
0.1998138,0.2071762
0.1619537,0.192136
0.1972593,0.2183031
0.2203426,0.2086318
0.2333044,0.1954592
0.1990251,0.1935861
0.2157605,0.200419
0.2156743,0.2069758
0.2370915,0.2058026
0.1549729,0.2023129
0.1573165,0.1953573
0.1710908,0.2135836
0.1840845,0.1924284
0.1663298,0.1941768
0.1766568,0.1980756
0.2803199,0.1831744
0.3233033,0.1763681
0.2863304,0.1763523
0.3169624,0.1613874
0.3169274,0.1613373
0.2856637,0.1775173
0.2740198,0.1723386
0.2740198,0.1723386
0.3136601,0.1783863
0.2805173,0.1862331
0.2945823,0.1864879
0.2973078,0.1862479
0.2720312,0.1870944
0.3011177,0.1993532
0.288537,0.1801984
0.3011844,0.1876767
0.2905852,0.1781087
0.3120665,0.1792854
0.3046844,0.175592
0.3078886,0.1884696
0.2859869,0.1921682
0.2796131,0.1821138
0.2442581,0.1814538
0.2180346,0.1945211
0.2949361,0.1887811
0.2410991,0.1905673
0.2982302,0.1908098
0.2922439,0.1872027
0.2934445,0.1983995
0.2323535,0.1833089
0.262803,0.1794709
0.2599444,0.1892924
0.3004927,0.1967547
0.2967893,0.1894954
0.2957211,0.1981456
0.2888253,0.1925247
0.3154693,0.171924
0.8804197,0.338502
0.9228697,0.3451583
0.9412485,0.3696591
0.9629434,0.3665662
0.9610901,0.3691405
0.9231932,0.3782685
0.9582812,0.3571094
0.9881161,0.3655265
0.9980358,0.359722
0.9692337,0.3588164
0.9710461,0.3687344
0.968257,0.3674344
0.9769575,0.3594722
0.9770353,0.3646215
0.9783774,0.3693155
0.9498823,0.3905648
0.9590375,0.3879114
1.004538,0.3779386
1.101025,0.4090058
1.141963,0.4189559
1.132968,0.4321456
1.142947,0.4056414
1.121254,0.4182261
1.118865,0.4157737
1.098721,0.405491
1.100472,0.4154959
1.10446,0.4072642
1.120111,0.3923453
1.137729,0.3922306
1.113213,0.3976214
1.104445,0.3979101
1.112785,0.4096879
1.1104,0.3964559
1.133199,0.3950858
1.12924,0.4035081
1.091724,0.3929581
1.096403,0.4086342
1.109844,0.3945822
1.08328,0.3983054
1.090825,0.404193
1.112782,0.3963076
1.119604,0.4148912
1.081487,0.4129266
1.117698,0.4106975
1.115308,0.4098026
1.094638,0.3980091
1.112065,0.402953
1.137946,0.3992253
1.111506,0.3968982
1.13487,0.3888501
1.071984,0.4023942
1.083987,0.4027234
1.068788,0.4058705
1.06758,0.4051536
1.066303,0.4111385
1.101406,0.3934903
1.120478,0.3925037
1.116597,0.3882124
1.105002,0.3906319
1.120878,0.3964199
1.081403,0.3986708
1.086915,0.4013323
1.107886,0.4019915
1.085013,0.3975056
1.071803,0.4049504
1.108252,0.389225
1.106539,0.4141239
0.6253999,0.470761
-0.1704004,0.5993724
-0.5460266,0.5335393
-0.7172063,0.5800373
-0.7163067,0.5728781
-0.7214621,0.5863112
-0.7258809,0.584797
-0.7238721,0.5912716
-0.7318019,0.5803035
-0.7377012,0.5777023
-0.7287406,0.6532514
-0.6052785,0.6587108
-0.4444427,0.6857086
-0.4384697,0.7222162
-0.4510682,0.728097
-0.4421644,0.7136961
-0.4489155,0.7015961
-0.4480047,0.7102661
-0.4325141,0.7086114
-0.448078,0.7176578
-0.4496982,0.7337479
-0.4094122,0.7329936
-0.4517219,0.7211828
-0.4458626,0.7149099
-0.4582064,0.7291054
-0.4512906,0.7283054
-0.4706132,0.7222875
-0.4562225,0.7220534
-0.4485795,0.7226302
-0.4581631,0.7330945
-0.4483323,0.7202456
-0.4642814,0.717108
-0.457678,0.7156416
-0.4540052,0.7311736
-0.457561,0.7186815
-0.4510737,0.7369736
-0.4633429,0.7026959
-0.444147,0.7217149
-0.4757468,0.7143168
-0.4522016,0.7187913
-0.4627318,0.7200499
-0.4698516,0.7069124
-0.4563794,0.7128048
-0.4583311,0.6898177
-0.4715455,0.708891
-0.4617077,0.7211468
-0.4624894,0.7210119
-0.4612357,0.7089873
-0.4720371,0.6984318
-0.4730479,0.7054127
-0.4620515,0.7163867
-0.4459271,0.7266692
-0.4360322,0.7271802
-0.4564271,0.7207685
-0.4700983,0.7065343
-0.4644936,0.714708
-0.4549699,0.7191316
-0.4730988,0.7058336
-0.4467408,0.7243024
-0.4614119,0.7046896
-0.4508879,0.7112217
-0.476867,0.6957083
-0.1722674,0.4238918
-0.1156833,0.2638665
0.01295528,0.1203626
-0.03780182,0.06398892
0.001882628,0.01187558
0.01181892,-0.00117292
0.01781233,0.008954561
0.009669576,2.199458E-05
-0.008094717,-0.001718412
0.03054627,0.007080032
0.01809865,0.001310577
-0.00937812,-0.01114213
0.01767768,-0.002321703
0.01174955,0.005126491
0.001518115,0.001857527
0.01324022,-0.008702957
0.01036189,-0.001578854
-0.0193843,-0.009304323
0.01805095,-0.0108859
0.02181737,-0.01245582
0.01470161,-0.01140425
0.008031312,-0.01230739
0.004719678,0.0004531392
0.008306559,-0.008857116
-0.03028096,-0.01275505
-0.02438216,-0.01598347
0.03300451,-0.001596595
-0.001207788,-0.01743855
-0.01604671,-0.01368988
-0.02521913,-0.007593327
-0.002978735,0.005500319
-0.02575193,-0.01006683
-0.002557434,0.009618733
-0.01804436,0.001968955
-0.01621296,-0.01252592
-0.01178235,-0.003938488
-0.01366746,-0.005811743
-0.01070064,-0.002939205
-0.01070064,-0.002939205
-0.01542164,-0.01432751
-0.0337701,-0.0135522
-0.01277009,-0.01252967
-0.02342171,-0.02134472
-0.03374489,-0.01652497
-0.04009041,-0.0150806
-0.03525402,-0.0157502
-0.03611731,-0.01202578
-0.03425662,-0.01098043
-0.02349181,0.005324462
-0.01846835,-0.01051429
-0.02612501,-0.006854948
-0.00713202,-0.001615924
-0.04830177,-0.01206086
-0.03703881,-0.01091813
-0.01955787,-0.006731947
-0.02459811,-0.003646395
-0.04041537,-0.008169932
-0.0220952,0.003713077
-0.03268393,0.009893019
-0.0275957,-0.001161041
-0.01033852,-0.004483244
-0.03110301,-0.0007895739
-0.02392999,0.0003739372
-0.09040619,-0.1277614
-0.07500587,-0.09815071
-0.07319562,-0.1103619
-0.0751503,-0.09859277
-0.07891645,-0.09267016
-0.08232591,-0.1131871
-0.07806315,-0.1039618
-0.08761285,-0.1138108
-0.09288575,-0.1121446
-0.08852336,-0.1058
-0.08476103,-0.1148695
-0.08990598,-0.1020974
-0.09270322,-0.1042316
-0.1202793,-0.1078575
-0.1055952,-0.1200861
-0.08558497,-0.107123
-0.07723203,-0.1181499
-0.09612715,-0.1218615
-0.09650166,-0.119193
-0.1256827,-0.1314591
-0.09383813,-0.1172022
-0.1057601,-0.1264594
-0.1387661,-0.14311
-0.1132881,-0.1251637
-0.1116143,-0.1149729
-0.1158362,-0.1214485
-0.1030069,-0.1169965

PROCESS
0.03535758,-0.0621745
0.06472452,-0.04739964
0.02590552,-0.05681567
0.03906344,-0.04935326
0.01751279,-0.0533823
0.02591209,-0.04963836
0.03806689,-0.05308294
0.006920494,-0.04559041
0.01750746,-0.06579419
-0.002317514,-0.06784959
0.02155239,-0.05699461
0.01269694,-0.05464154
0.003247168,-0.06275953
0.01642619,-0.05895775
-0.003013533,-0.07088178
0.02116951,-0.06448084
-0.01138199,-0.02747882
-0.26438,0.1462512
-0.2798383,0.1664649
-0.2948283,0.1584038
-0.3204684,0.1621074
-0.3019551,0.1703936
-0.3168921,0.1677945
-0.2763003,0.1844429
-0.2778926,0.189496
-0.2730231,0.1827377
-0.2678405,0.1763599
-0.3587092,-0.1589532
-0.2777764,0.1704657
-0.2711706,0.167138
-0.2711706,0.167138
-0.2335385,0.173633
-0.252053,0.1796642
-0.309953,0.1742604
-0.2749773,0.1663056
-0.262058,0.1806118
-0.3008811,0.1712475
-0.2781207,0.1666491
-0.3136452,0.1697479
-0.3075247,0.1673899
-0.257491,0.1829001
-0.2949986,0.1557616
-0.2653157,0.1708609
-0.2940879,0.1735673
-0.3336811,0.1507783
-0.3083323,0.1683788
-0.2923977,0.1763988
-0.2908671,0.1625106
-0.3162255,0.1658129
-0.8697866,0.2850612
-0.8431109,0.3663173
-0.8526722,0.3377718
-0.869206,0.3328556
-0.8545927,0.3501602
-0.848957,0.3468183
-0.8638894,0.3301857
-0.8743912,0.31578
-0.8405964,0.3392502
-0.8824301,0.3229738
-0.8698107,0.3155383
-0.8683255,0.3145853
-0.8588551,0.331617
-0.868066,0.309653
-0.868066,0.309653
-0.8703246,0.3195317
-0.8780456,0.3038906
-0.8713059,0.320277
-0.8675599,0.3086368
-0.8651619,0.3139602
-0.8592851,0.3129819
-0.8656049,0.3165236
-0.8636679,0.3239123
-0.8716894,0.3152514
-0.802227,0.3562104
-0.3503274,0.4500572
0.5889866,0.5970983
0.9704959,0.6381053
1.122347,0.6259215
1.135422,0.644033
1.142519,0.6451727
1.135853,0.6406844
1.146623,0.6407877
1.150758,0.6415082
1.150541,0.6380472
1.134211,0.6377695
1.153386,0.6288759
1.165313,0.6426886
1.424601,0.6670246
1.38807,0.6485652
1.418122,0.6658639
1.414133,0.6717162
1.420529,0.6800008
1.405663,0.6545024
1.398316,0.642474
1.443159,0.6639052
1.395034,0.6607185
1.412473,0.6639009
1.423448,0.6716536
1.428953,0.6691591
1.416406,0.6754991
1.425951,0.6824341
1.400738,0.6508068
1.391389,0.673302
1.391389,0.673302
1.411788,0.6782796
1.38771,0.6644155
1.388054,0.6705439
1.352448,0.66606
1.366841,0.6562158
1.354909,0.6451675
1.34552,0.6497041
1.360564,0.6498954
1.354771,0.6489027
1.359258,0.6433429
1.370862,0.6577018
1.367114,0.6451356
0.6868693,0.5506573
0.09040128,0.4781864
-0.7601609,0.2960023
-0.8037047,0.3137143
-0.8255397,0.2882964
-0.8457148,0.2986088
-0.8590125,0.3020333
-0.8563151,0.3118449
-0.8591548,0.3063013
-0.8880967,0.3049372
-0.8976722,0.3111937
-0.8985778,0.3103505
-0.893447,0.298503
-0.9017723,0.3070135
-0.8938939,0.2982172
-0.8871111,0.3164944
-0.8881029,0.3094972
-0.8669466,0.3039449
-0.8658793,0.3226773
-0.8527632,0.3702305
-0.8494088,0.3681723
-0.8429039,0.3653082
-0.8456981,0.3652906
-0.8378575,0.3718213
-0.8425916,0.3220433
-0.8417252,0.3807309
-0.8271098,0.3787994
-0.8170933,0.381003
-0.8172875,0.3784192
-0.8178608,0.3827134
-0.8176116,0.3657247
-0.8103121,0.3631505
-0.8229052,0.3758836
-0.8278326,0.3731228
-0.7995865,0.3959959
-0.839622,0.3689282
-0.8166098,0.3677309
-0.8279417,0.3821968
-0.8371521,0.3784105
-0.8297976,0.3655457
-0.8066519,0.388868
-0.8299893,0.3841719
-0.8339589,0.3182935
-0.8411258,0.3157576
-0.8318457,0.3079691
-0.8249518,0.3670007
-0.8117524,0.3877183
-0.840713,0.3808368
-0.8447443,0.3797718
-0.8436428,0.3828043
-0.8042775,0.4006518
-0.8032731,0.4018381
-0.8276662,0.3852745
-0.829363,0.3919317
-0.8352339,0.3860179
-0.563794,0.327083
0.2500686,0.1943425
0.2470796,0.2159971
0.2231576,0.1868676
0.1864807,0.192661
0.1988111,0.1814717
0.2907562,0.1980547
0.2457211,0.1767642
0.239255,0.1792291
0.2160867,0.1696825
0.2847723,0.1784408
0.2963443,0.1829444
0.2985148,0.1850825
0.279439,0.1916229
0.2800736,0.184755
0.264043,0.190963
0.3155863,0.1923556
0.2634777,0.1972675
0.2794339,0.1843608
0.312822,0.1963142
0.2814453,0.1858084
0.310514,0.2015544
0.2755861,0.1836775
0.3104857,0.1914477
0.2966323,0.1884251
0.3115178,0.1834718
0.2670727,0.1781136
0.3120901,0.1853087
0.2733595,0.179851
0.3049523,0.1843686
0.3110077,0.1614631
0.3174881,0.1771424
0.3276415,0.1775412
0.7526845,0.273345
1.01533,0.3369835
1.137491,0.3725526
1.155776,0.3842844
1.108419,0.4070073
1.123188,0.3866863
1.086952,0.3944404
1.099416,0.4112936
1.090576,0.4241887
1.101937,0.4263739
1.09218,0.404463
1.097341,0.394832
1.12398,0.3923027
1.116159,0.3941516
1.135264,0.3811131
1.128026,0.3798121
1.13267,0.3625916
1.099712,0.3716305
1.127382,0.3791203
1.101492,0.3725811
1.083013,0.3794726
1.111098,0.3725218
1.14205,0.3620675
1.125237,0.3746631
1.12796,0.3703461
1.114575,0.3655652
1.095568,0.3682418
1.121006,0.3436566
1.091729,0.35822
1.118294,0.3566517
1.059457,0.3528012
1.072855,0.3492464
1.084952,0.350484
1.127545,0.3453058
1.116021,0.3399781
1.064862,0.3658343
1.103346,0.3501174
1.129452,0.3384067
0.6545265,0.3901342
0.1807334,0.5264515
-0.2398837,0.6763012
-0.2177521,0.6961585
-0.2287859,0.7023755
-0.291819,0.6753772
-0.2561136,0.7022347
-0.2897009,0.6928334
-0.2494866,0.7058114
-0.2955626,0.6879981
-0.2575502,0.700362
-0.2748699,0.6911544
-0.2671119,0.6854323
-0.2715182,0.7014703
-0.2983794,0.6861513
-0.2643891,0.692212
-0.3049155,0.686695
-0.4900658,0.7037374
-0.4725736,0.705451
-0.4799709,0.6957652
-0.4672548,0.6986974
-0.473802,0.7024235
-0.4775168,0.7096238
-0.4800278,0.7045911
-0.4801139,0.6996136
-0.4858781,0.6953937
-0.4863448,0.6963122
-0.4645734,0.7218593
-0.4712987,0.7109072
-0.4765113,0.6524505
-0.4696279,0.6881844
-0.4849169,0.6877279
-0.4931566,0.6291831
-0.4404958,0.6169438
-0.4559186,0.7075152
-0.4403457,0.6431918
-0.4618557,0.6678995
-0.4799854,0.6951449
-0.4944317,0.6756226
-0.4313889,0.6673502
-0.465375,0.6695471
-0.4499117,0.6445981
-0.4651218,0.6341866
-0.4565251,0.6859911
-0.4682513,0.6932136
-0.4636399,0.6508196
-0.3214881,0.605179
-0.3048474,0.4192313
-0.1307561,0.1592158
-0.1208972,-0.03814539
-0.00847996,-0.09188104
-0.05633483,-0.1797539
0.01660418,-0.2091797
-0.02447997,-0.1968737
0.01270434,-0.1942821
0.004396006,-0.1858854
-0.03149442,-0.2033398
-0.01368199,-0.1989906
0.009362124,-0.196678
-0.006509442,-0.1969247
0.01745551,-0.1991699
-0.01995489,-0.2109822
0.01791098,-0.2136343
-0.00485022,-0.2160316
-0.01609933,-0.207046
0.0178002,-0.1973839
0.001251318,-0.1980403
-0.001948416,-0.1903818
-0.05765358,-0.1993321
-0.02253225,-0.1972533
0.01332057,-0.193951
-0.04665931,-0.2045347
-0.04450146,-0.1861398
-0.004151434,-0.1796001
-0.007638525,-0.1868857
-0.03570911,-0.1774884
-0.05051613,-0.1825676
-0.03681204,-0.1817076
-0.01952595,-0.1974597
-0.02070164,-0.1920034
-0.01814403,-0.1777713
-0.0226893,-0.1810951
-0.05259163,-0.1917445
-0.06077127,-0.1834454
-0.02785421,-0.1715142
-0.06601639,-0.1728949
-0.0341698,-0.1801983
-0.03034431,-0.1637871
-0.06872322,-0.1705279
-0.06668254,-0.1745722
-0.02919836,-0.1725518
-0.02779498,-0.1698116
-0.0764548,-0.1693755
-0.03871784,-0.1712294
-0.03298379,-0.1682934
-0.04206681,-0.1662048
-0.03731004,-0.1617782
-0.07580417,-0.1570439
-0.07580417,-0.1570439
-0.07524675,-0.1663293
-0.07524675,-0.1663293
-0.05316111,-0.1745969
-0.07036255,-0.1532287
-0.0864781,-0.1599595
-0.03656714,-0.158055
-0.08151153,-0.1671614
-0.03734557,-0.1535355
-0.03925723,-0.154666
-0.04731376,-0.1468392
-0.05455191,-0.1530841

PROCESS
-0.04668623,-0.03090354
-0.02634432,-0.02564628
-0.02634432,-0.02564628
-0.03032423,-0.01749468
-0.02379562,-0.03205869
-0.03094355,-0.03818212
-0.03161178,-0.04190304
-0.05094731,-0.04075674
-0.0263054,-0.03417489
-0.02792654,-0.0388569
-0.05257993,-0.05098588
-0.02715199,-0.03595438
-0.05080898,-0.02310012
-0.175894,0.08293299
-0.2553942,0.1216423
-0.2584863,0.1251211
-0.264025,0.1303008
-0.2981104,0.1195457
-0.301816,0.129369
-0.3018463,0.1346285
-0.3032535,0.1234104
-0.2603608,0.1359777
-0.2687401,0.1365201
-0.2958696,0.1137686
-0.2379473,0.137027
-0.2647177,0.1331824
-0.2861108,0.1325957
-0.3015985,0.1243781
-0.2658429,0.1199587
-0.2796991,0.1234652
-0.2911384,0.1135288
-0.2883638,0.1150624
-0.2354302,0.1209146
-0.2865491,0.106123
-0.2608503,0.1029913
-0.2904195,0.1092836
-0.3005533,0.1168036
-0.2981787,0.1084785
-0.3962063,0.1381316
-0.6496866,0.2056638
-0.7555927,0.3700652
-0.7843046,0.353252
-0.7954171,0.3539279
-0.7972232,0.3698698
-0.7868312,0.3615687
-0.7949151,0.3741551
-0.7948761,0.3685026
-0.8032049,0.3686796
-0.7928285,0.3724499
-0.7820526,0.3761841
-0.7980698,0.3742269
-0.8159363,0.3646273
-0.803682,0.3671325
-0.8093648,0.3627874
-0.7846941,0.3671785
-0.7932301,0.3543957
-0.8073099,0.369994
-0.8037758,0.3643942
-0.7891817,0.3714272
-0.8118641,0.3671826
-0.8166028,0.3649128
-0.8118977,0.3602323
-0.8118977,0.3602323
-0.7740607,0.3738107
-0.7988951,0.3715047
-0.3830334,0.4546076
0.5875317,0.6695259
1.05056,0.7013727
1.164019,0.6827413
1.194994,0.7051619
1.204583,0.6938712
1.191496,0.7132164
1.205723,0.6896024
1.209534,0.6948326
1.208645,0.6828814
1.218954,0.7016159
1.210946,0.6961251
1.218633,0.6897775
1.228332,0.6799764
1.210321,0.7092361
1.230748,0.7017451
1.238999,0.6939805
1.231508,0.7098143
1.241686,0.7052037
1.337955,0.7081339
1.440505,0.7218435
1.43072,0.6954905
1.38682,0.7298108
1.414598,0.7194701
1.422492,0.7275655
1.419373,0.7033192
1.404449,0.7201539
1.422664,0.7218213
1.408133,0.7245767
1.411592,0.7321915
1.42245,0.7184749
1.418431,0.7273867
1.398979,0.7300617
1.403995,0.7214143
1.408627,0.7120638
1.434946,0.7304545
1.404391,0.7084022
1.4388,0.7346724
1.447546,0.6810998
1.428521,0.7120711
1.451035,0.7174588
1.444391,0.725704
1.452978,0.7428857
1.452978,0.7428857
1.446245,0.7281401
1.458162,0.717062
1.44743,0.7145778
1.443323,0.7394736
1.343735,0.7246355
0.2162065,0.5578235
-0.1226852,0.5188194
-0.5866406,0.4416482
-0.5751241,0.4331754
-0.583277,0.4274647
-0.5942227,0.4295971
-0.5869523,0.4282264
-0.5936999,0.4381462
-0.5733648,0.3708996
-0.6056682,0.3570956
-0.6046374,0.3840612
-0.5824302,0.4448243
-0.6020176,0.4162306
-0.6154477,0.3573283
-0.5854394,0.3574139
-0.5840615,0.3626553
-0.6119701,0.3675306
-0.6094693,0.4283517
-0.6144792,0.419013
-0.6115261,0.3447285
-0.8316686,0.4284814
-0.8422508,0.3751751
-0.860117,0.3681107
-0.8542047,0.3711469
-0.8572232,0.365903
-0.8561147,0.3620682
-0.8551795,0.3566426
-0.8595653,0.3763764
-0.8595924,0.3723596
-0.8603842,0.3672514
-0.8566089,0.3636102
-0.8648381,0.3700459
-0.8559501,0.3720579
-0.8608404,0.3732759
-0.859936,0.3746932
-0.8743125,0.3786205
-0.8610104,0.377226
-0.8672951,0.3786188
-0.8635221,0.3796492
-0.8671338,0.3774835
-0.8611746,0.3663912
-0.8661415,0.361684
-0.8663152,0.3686645
-0.8715261,0.3813089
-0.8570414,0.3833218
-0.8506975,0.364069
-0.8533673,0.3708506
-0.8533673,0.3708506
-0.8507217,0.3770317
-0.8458242,0.378
-0.8515359,0.3832554
-0.8591326,0.3772911
-0.538461,0.4824091
-0.2997809,0.3853569
-0.12482,0.470393
-0.01343615,0.4439341
-0.007984512,0.4716256
-0.005251579,0.4698654
-0.005506016,0.4583575
-0.01318381,0.4591371
-0.06392217,0.3713828
-0.02432344,0.4539822
-0.03373221,0.4471462
-0.008302223,0.4536774
-0.0189153,0.452298
-0.01203047,0.4446619
-0.009975333,0.4615471
0.01221473,0.4450414
0.0002527982,0.4408986
-0.007606413,0.4528406
-0.0002561025,0.4623394
-0.00334163,0.4485905
0.2035488,0.2810025
0.2147185,0.2963104
0.1984493,0.284729
0.2183273,0.2859547
0.2097071,0.29303
0.2225618,0.2749521
0.2199732,0.2814303
0.2155905,0.2801768
0.2373588,0.2964554
0.2446349,0.2846945
0.2411723,0.27858
0.240855,0.2796422
0.2234318,0.2733098
0.2217121,0.2768799
0.2350061,0.2732113
0.2060023,0.2672459
0.2496077,0.2794909
0.2448699,0.2824278
0.2575392,0.2832314
0.2310973,0.2817314
0.2223452,0.2706566
0.3644851,0.1528143
0.318427,0.1562138
0.3305513,0.1625306
0.3115511,0.1479018
0.3210658,0.1677266
0.3133017,0.1552772
0.3005424,0.1672344
0.2898753,0.1551567
0.2891375,0.1728865
0.3119093,0.1693899
0.3074802,0.1632905
0.3195157,0.1736901
0.3241381,0.1764434
0.3220848,0.1797525
0.2985688,0.1664212
0.3189485,0.173518
0.3192644,0.1801107
0.3176866,0.1671995
0.3103378,0.1699339
0.3133901,0.1697398
0.3142669,0.1707402
0.3142993,0.1829826
0.3212337,0.173777
0.3306531,0.176072
0.3178111,0.1724072
0.3260128,0.1733096
0.4774102,0.2064039
0.7120535,0.316801
1.016718,0.4267846
1.034995,0.4279966
1.03139,0.4091418
1.03139,0.4091418
1.033466,0.4112067
1.035676,0.4244117
1.03687,0.4127417
1.02181,0.4210763
1.024206,0.4270744
1.031265,0.4347833
0.9939434,0.4271473
1.017969,0.4226905
1.033069,0.4235541
1.032684,0.422595
1.01783,0.423319
1.039121,0.4246321
1.041521,0.4147175
1.025409,0.427663
1.038093,0.4207425
1.036334,0.4173995
1.026154,0.4147733
1.137596,0.4237138
1.174616,0.439851
1.165647,0.4322973
1.172513,0.4305276
1.164121,0.4267554
1.1744,0.4419059
1.164849,0.4253276
1.161609,0.4225089
1.161674,0.4232903
1.155393,0.4244561
1.151426,0.4392062
1.143484,0.4390909
1.14981,0.4322541
1.14907,0.4286158
1.153625,0.438041
1.155842,0.428824
1.157989,0.4235351
1.157364,0.4286874
1.151858,0.4275126
1.155303,0.4352013
1.161659,0.4257966
1.153753,0.423082
1.14824,0.4289358
1.146605,0.4198586
1.139323,0.4325314
1.146832,0.4391023
1.154747,0.4332116
1.154747,0.4332116
1.143614,0.4317998
1.153768,0.4492287
0.8852714,0.4151728
-0.03470409,0.5999964
-0.3295413,0.6496668
-0.369538,0.6454811
-0.3956101,0.6836284
-0.3933081,0.6969108
-0.4086596,0.6498071
-0.3939651,0.7138317
-0.4042888,0.6986454
-0.4206135,0.6982874
-0.4186355,0.6387539
-0.4187734,0.705862
-0.4117995,0.7039171
-0.4230728,0.696255
-0.4220459,0.6921241
-0.4388103,0.6160749
-0.4225879,0.702247
-0.4061316,0.7113965
-0.4204087,0.6976263
-0.4205812,0.6985091
-0.4124001,0.7216648
-0.4225963,0.6995592
-0.4102916,0.699838
-0.4172004,0.6979126
-0.4335536,0.6983426
-0.425,0.6961094
-0.4298376,0.7010053
-0.4317551,0.6533225
-0.4334965,0.6932251
-0.4224316,0.6818871
-0.5062006,0.7070099
-0.5008945,0.6978105
-0.5008945,0.6978105
-0.4806379,0.7057834
-0.4998286,0.7043177
-0.4982576,0.7129177
-0.4839774,0.7194152
-0.5085916,0.7062564
-0.4892371,0.6966504
-0.4961821,0.7233711
-0.493969,0.69662
-0.4718376,0.7137785
-0.3004873,0.6576067
-0.1677334,0.6171474
-0.07026501,0.5439164
0.1291017,0.3994964
0.2337573,0.2485422
0.2396182,0.1731158
0.289757,0.04759227
0.3168837,0.005439384
0.3081273,-0.02039239
0.2760605,-0.02297875
0.2812507,-0.02652165
0.3055617,-0.02442167
0.3371837,-0.01207989
0.2948039,-0.03592341
0.3304837,-0.02991588
0.2745958,-0.02743305
0.3169359,-0.03509297
0.2864611,-0.03753279
0.2896058,-0.02795014
0.1311549,-0.0515389
0.1080892,-0.04463352
0.1042914,-0.04233892
0.1135451,-0.04753435
0.1080029,-0.05228373
0.102194,-0.03777545
0.09286049,-0.04554482
0.1043207,-0.03240217
0.1104561,-0.02913842
0.1074932,-0.03005515
0.1132531,-0.02709736
0.1124035,-0.03699643
0.1454659,-0.03378684
0.101081,-0.03494841
0.1324826,-0.03411586
0.1614289,-0.02711553
0.1033188,-0.03473684

PROCESS
0.01669655,-0.1207912
0.0177128,-0.1260188
0.01210407,-0.1216893
0.02162712,-0.127947
0.02064,-0.1134372
0.005189296,-0.129658
0.0151182,-0.1224916
0.01018013,-0.1254323
0.04965785,-0.1290751
0.05377381,-0.1255456
-0.009444401,-0.1186024
-0.01680491,-0.09512077
-0.2232919,0.1364241
-0.2190208,0.161577
-0.2635176,0.1201736
-0.2357466,0.1729943
-0.2389377,0.1861065
-0.2338744,0.1753252
-0.2931816,0.1687169
-0.2816912,0.07979828
-0.2478743,0.184944
-0.2608536,0.1644401
-0.8019254,-1.703394
-0.2628077,0.1625766
-0.244936,0.1895643
-0.2889682,0.1633703
-0.2861445,0.1481313
-0.2652622,0.1665663
-0.2691016,0.1671116
-0.2743742,0.1655294
-0.3123008,0.1727706
-0.2652388,0.1610542
-0.3020414,0.1571594
-0.2688771,0.171921
-0.2933496,0.1541824
-0.2935933,0.1609673
-0.2706935,0.171601
-0.2824449,0.1544062
-0.4870486,0.1675476
-0.8309455,0.3033816
-0.815007,0.2984281
-0.8256713,0.3273948
-0.8224706,0.3197918
-0.8294432,0.3101465
-0.8376969,0.330379
-0.8396572,0.3341116
-0.8435138,0.3340559
-0.8426982,0.3392934
-0.8459912,0.3416331
-0.847386,0.3320839
-0.8380634,0.337939
-0.8322269,0.3374524
-0.8355467,0.334911
-0.8366029,0.3254849
-0.8455316,0.327104
-0.8459364,0.3185864
-0.8349681,0.3313349
-0.8464786,0.3344949
-0.8395416,0.3275591
-0.8462863,0.324458
-0.846323,0.331629
-0.8402039,0.3322877
-0.8403893,0.333294
-0.8440976,0.3264047
-0.8479508,0.3309686
-0.8512214,0.3320535
-0.8464425,0.3291138
-0.12776,0.5528384
0.3794981,0.6209515
0.8726887,0.6683996
1.161938,0.668473
1.190203,0.6714405
1.192093,0.6829981
1.204296,0.6690115
1.20217,0.6634867
1.20551,0.6703261
1.217477,0.6647983
1.21528,0.6701377
1.217655,0.6601424
1.223214,0.6658238
1.214057,0.6602987
1.211916,0.6686611
1.328598,0.6273606
1.353798,0.6770027
1.352005,0.6805624
1.338921,0.6679567
1.353676,0.6739889
1.32881,0.6941953
1.362984,0.6683543
1.363873,0.6771232
1.363873,0.6771232
1.365128,0.6582363
1.348164,0.6916666
1.374015,0.6799898
1.379815,0.6770868
1.360547,0.6738615
1.351375,0.6795401
1.367264,0.6843581
1.360042,0.6818485
1.3498,0.6771179
1.355209,0.6704431
1.375503,0.6793504
1.355661,0.6677946
1.339161,0.7020215
1.367985,0.6749991
1.351297,0.6826766
1.378989,0.6689597
1.376772,0.6680812
1.308639,0.6764989
1.384654,0.6747949
1.362132,0.6300457
1.374413,0.6457823
1.399465,0.6611022
1.374086,0.6444038
1.348767,0.6370151
1.335956,0.6355116
1.340924,0.6464856
1.270017,0.6484931
0.07608531,0.553004
-0.4181813,0.5489237
-0.7521678,0.4794522
-0.7898193,0.3593171
-0.7483461,0.3426735
-0.7201439,0.3805514
-0.7345881,0.3800439
-0.7446055,0.3845353
-0.7613828,0.3806954
-0.7743132,0.3171915
-0.7808173,0.3688496
-0.7916567,0.3593957
-0.7936459,0.3606614
-0.8058286,0.3688248
-0.7948892,0.3701836
-0.8067508,0.3629568
-0.7891819,0.3784066
-0.7941505,0.3721785
-0.7845143,0.383752
-0.7728657,0.3739718
-0.7853577,0.3705875
-0.8184164,0.3676807
-0.8085273,0.36387
-0.7950322,0.3671086
-0.7977904,0.3591816
-0.8011196,0.3712583
-0.8051776,0.3573306
-0.7988091,0.2950702
-0.8005851,0.2900771
-0.8048152,0.3440998
-0.7923015,0.3626931
-0.7930245,0.3451459
-0.7758961,0.3721231
-0.7881655,0.3631903
-0.7945824,0.3613432
-0.7942792,0.3002977
-0.7646714,0.3661861
-0.7367955,0.36162
-0.7690781,0.3726435
-0.7704108,0.3628333
-0.7772211,0.3636212
-0.7808284,0.3739111
-0.7894467,0.3698906
-0.7730342,0.3749561
-0.785767,0.3673083
-0.7885215,0.3751708
-0.7877538,0.3755558
-0.7837725,0.3688194
-0.7831619,0.3617588
-0.1113311,0.2749674
0.1712411,0.2163557
0.2264484,0.2035763
0.236942,0.1949426
0.2958391,0.1927702
0.2721863,0.1763272
0.226062,0.1995041
0.2672509,0.1903159
0.2688905,0.186034
0.2441338,0.1898919
0.2462804,0.1815838
0.2680649,0.19423
0.2345597,0.1895502
0.2816902,0.1788733
0.2719296,0.1831289
0.2611487,0.1860851
0.2568743,0.1844144
0.2451114,0.1803529
0.2655038,0.1721478
0.2756957,0.1741601
0.3125008,0.1656602
0.307285,0.1599955
0.307285,0.1599955
0.2739378,0.149268
0.274154,0.1733349
0.5145376,0.1735648
0.9524885,0.3044946
0.9466435,0.2996789
0.9551569,0.3158038
0.9546599,0.3311272
1.012619,0.3431813
1.168982,0.3852793
1.150779,0.3862638
1.154075,0.3967263
1.159865,0.4008678
1.155214,0.394819
1.166673,0.396512
1.1664,0.4022809
1.178745,0.403008
1.174821,0.397321
1.182937,0.3966923
1.170271,0.4104353
1.158274,0.3968337
1.173921,0.4025576
1.178942,0.4025381
1.148599,0.4100798
1.170751,0.3955333
1.1614,0.3988271
1.135706,0.3847075
1.151397,0.404076
1.108717,0.3925508
1.118154,0.4076
1.124266,0.3949135
1.116281,0.3963085
1.120419,0.3892844
1.107364,0.4000393
1.12849,0.38897
1.102622,0.3995151
1.122207,0.389412
1.117261,0.4124919
1.140772,0.3951251
0.3560658,0.5481832
-0.114843,0.6135925
-0.3028357,0.6093328
-0.319754,0.688372
-0.3251559,0.6764765
-0.3314676,0.7028196
-0.3314954,0.6678697
-0.3319652,0.7062297
-0.3319652,0.7062297
-0.3369167,0.7018594
-0.3486224,0.6946921
-0.3114232,0.6971036
-0.3455353,0.69664
-0.3414038,0.701664
-0.3455079,0.697881
-0.3396033,0.706926
-0.3402714,0.7005702
-0.3158154,0.7103608
-0.3411987,0.7107705
-0.352379,0.6787601
-0.3426266,0.6943538
-0.3099693,0.7157102
-0.349234,0.7061355
-0.3495591,0.6902906
-0.3510233,0.7036579
-0.3430005,0.683009
-0.3784374,0.680734
-0.3356487,0.6949307
-0.3500748,0.6949463
-0.3592078,0.6961682
-0.3590877,0.6917989
-0.3627135,0.7060745
-0.2454921,0.6138237
-0.2150452,0.4728516
-0.1889611,0.436851
-0.1570675,0.2159269
-0.05920483,-0.05842846
-0.07119185,-0.1548847
-0.02740577,-0.1625716
-0.02160273,-0.1912727
-0.01036487,-0.137512
0.04086465,-0.1810246
-0.008060567,-0.1573139
-0.05260891,-0.1635527
0.01404363,-0.1662697
-0.04853583,-0.190532
0.0002561398,-0.1801518
-0.04740404,-0.2026292
-0.04015832,-0.1982584
-0.05166285,-0.1852627
-0.05495119,-0.1857741
-0.03579253,-0.1890825
-0.02217416,-0.1870723
-0.05575156,-0.1927043
-0.0323006,-0.181956
-0.05585662,-0.1914452
-0.06167894,-0.1898961
-0.06831319,-0.1933877
-0.06074768,-0.1934527
-0.03122064,-0.1822093
-0.05541545,-0.1957438
-0.08008824,-0.1954816
-0.05322903,-0.1935473
-0.05953544,-0.1901877
-0.05722873,-0.1843996
-0.05826023,-0.1794076
-0.1424931,-0.1776839
-0.07657279,-0.1566696
-0.06925472,-0.1453567
-0.136182,-0.1570039
-0.1180052,-0.1566852
-0.1351889,-0.1494601
-0.1100912,-0.1447583
-0.1115002,-0.1414836
-0.1333857,-0.1471854
-0.1292325,-0.1482333
-0.1704961,-0.1513381
-0.1065061,-0.1425691
-0.1370998,-0.1498787
-0.1652994,-0.1657977
-0.09619907,-0.129407
-0.1263257,-0.1318511
-0.1200566,-0.1382114
-0.117582,-0.1441831
-0.1584178,-0.1445799
-0.1584178,-0.1445799
-0.1396337,-0.1315817
-0.136491,-0.1424332
-0.1310011,-0.1347905
-0.1464668,-0.1432652
-0.1509771,-0.138838

