(0.2494, 0.1638)
(0.2548, 0.1603)
(0.2529, 0.1570)
(0.2584, 0.1552)
(0.2576, 0.1566)
(0.2592, 0.1555)
(0.2652, 0.1563)
(0.2741, 0.1568)
(0.3010, 0.1596)
(0.3365, 0.1635)
(0.2933, 0.1659)
(0.2953, 0.1689)
(0.2550, 0.1556)
(0.2518, 0.1536)
(0.2443, 0.1560)
(0.2449, 0.1428)
(0.2680, 0.1450)
(0.2693, 0.1468)
(0.2620, 0.1460)
(0.2826, 0.1504)
(0.3128, 0.1585)
(0.3339, 0.1580)
(0.3333, 0.1567)
(0.3320, 0.1538)
(0.3126, 0.1453)
(0.2577, 0.1394)
(0.2321, 0.1369)
(0.2398, 0.1342)
(0.2613, 0.1380)
(0.2737, 0.1402)
(0.2777, 0.1403)
(0.2803, 0.1370)
(0.2796, 0.1396)
(0.2772, 0.1380)
(0.2762, 0.1354)
(0.2783, 0.1315)
(0.2801, 0.1317)
(0.2808, 0.1321)
(0.2813, 0.1306)
(0.2834, 0.1302)
(0.2847, 0.1283)
(0.2848, 0.1267)
(0.2835, 0.1268)
(0.2807, 0.1200)
(0.2726, 0.1205)
(0.2695, 0.1163)
(0.2722, 0.1176)
(0.2423, 0.0836)
(0.1595, 0.0073)
(0.1364, -0.0076)
(0.1284, -0.0136)
(0.1164, -0.0061)
(0.1188, -0.0079)
(0.1182, -0.0208)
(0.1237, -0.0153)
(0.1209, -0.0212)
(0.0253, -0.0100)
(-0.0344, -0.0004)
(-0.0401, -0.0001)
(-0.0203, -0.0057)
(0.0111, -0.0101)
(0.0210, -0.0124)
(0.0215, -0.0119)
(0.0257, -0.0127)
(0.0278, -0.0124)
(0.0721, 0.0488)
(0.0783, 0.2692)
(0.0816, 0.2770)
(0.0993, 0.2673)
(0.0573, 0.2968)
(-0.0266, 0.3194)
(-0.0160, 0.3244)
(-0.0327, 0.3354)
(-0.0276, 0.3278)
(-0.0285, 0.3249)
(-0.0352, 0.3293)
(-0.0335, 0.3267)
(-0.0045, 0.3161)
(-0.0005, 0.3165)
(-0.0021, 0.3174)
(-0.0012, 0.3176)
(0.0012, 0.3164)
(0.0067, 0.3145)
(0.0131, 0.3137)
(0.0153, 0.3167)
(0.0175, 0.3188)
(0.0209, 0.3180)
(0.0068, 0.3334)
(0.0012, 0.3304)
(0.0239, 0.3235)
(0.0419, 0.3155)
(0.0470, 0.3171)
(0.0299, 0.3196)
(0.0229, 0.3192)
(0.0097, 0.3202)
(-0.0044, 0.3221)
(-0.0058, 0.3193)
(0.0018, 0.3222)
(0.0071, 0.3182)
(0.0116, 0.3178)
(-0.0163, 0.3175)
(0.0513, 0.0910)
(-0.1219, -0.0704)
(-0.1520, -0.1788)
(-0.1976, -0.3334)
(-0.1507, -0.4279)
(-0.1604, -0.4365)
(-0.1751, -0.4672)
(-0.0664, -0.4506)
(-0.0765, -0.4519)
(-0.0766, -0.4422)
(-0.0798, -0.4510)
(-0.0786, -0.4456)
(-0.0761, -0.4439)
(-0.0773, -0.4454)
(-0.0740, -0.4454)
(-0.0713, -0.4455)
(-0.0717, -0.4450)
(-0.0738, -0.4478)
(-0.0746, -0.4477)
(-0.0747, -0.4475)
(-0.0758, -0.4484)
(-0.0802, -0.4485)
(-0.0816, -0.4466)
(-0.0835, -0.4442)
(-0.0810, -0.4456)
(-0.0793, -0.4452)
(-0.0797, -0.4414)
(-0.0814, -0.4440)
(-0.0825, -0.4453)
(-0.0824, -0.4452)
(-0.0795, -0.4443)
(-0.0822, -0.4438)
(-0.0787, -0.4444)
(-0.0775, -0.4438)
(-0.0763, -0.4453)
(-0.0761, -0.4465)
(-0.0757, -0.4445)
(-0.0794, -0.4443)
(-0.0802, -0.4439)
(-0.0789, -0.4448)
(-0.0797, -0.4433)
(-0.0975, -0.5084)
(-0.0808, -0.5004)
(-0.0853, -0.5024)
(-0.0893, -0.4999)
(-0.0961, -0.5107)
(-0.1019, -0.5100)
(-0.1021, -0.5074)
(-0.1029, -0.5122)
(-0.1014, -0.5088)
(-0.0981, -0.5129)
(-0.0950, -0.5100)
(-0.0952, -0.5128)
(-0.0974, -0.5122)
(-0.0946, -0.5123)
(-0.0970, -0.5115)
(-0.0974, -0.5121)
(-0.0988, -0.5138)
(-0.0966, -0.5152)
(-0.0970, -0.5136)
(-0.0956, -0.5122)
(-0.0955, -0.5139)
(-0.0966, -0.5156)
(-0.0960, -0.5171)
(-0.0954, -0.5189)
(-0.0968, -0.5203)
(-0.0969, -0.5188)
(-0.0991, -0.5192)
(-0.0998, -0.5178)
(-0.1090, -0.5273)
(-0.1082, -0.5245)
(-0.1086, -0.5243)
(-0.1117, -0.5248)
(-0.1149, -0.5236)
(-0.1154, -0.5224)
(-0.0245, -0.4258)
(0.1327, -0.2232)
(0.2338, 0.0090)
(0.2906, 0.0952)
(0.2895, 0.1253)
(0.2826, 0.1158)
(0.2690, 0.1193)
(0.3294, 0.1297)
(0.2853, 0.1154)
(0.3110, 0.1183)
(0.3774, 0.1371)
(0.3794, 0.1394)
(0.3765, 0.1385)
(0.3256, 0.1223)
(0.3261, 0.1237)
(0.3473, 0.1312)
(0.3704, 0.1666)
(0.3522, 0.1980)
(0.3557, 0.1938)
(0.3610, 0.2104)
(0.3622, 0.1940)
(0.3626, 0.1940)
(0.3626, 0.1968)
(0.3634, 0.1966)
(0.3618, 0.1960)
(0.2999, 0.1684)
(0.3001, 0.1672)
(0.3042, 0.1701)
(0.3099, 0.1739)
(0.3134, 0.1754)
(0.3136, 0.1749)
(0.3109, 0.1735)
(0.3114, 0.1735)
(0.3132, 0.1737)
(0.3148, 0.1738)
(0.3143, 0.1737)
(0.3172, 0.1711)
(0.3153, 0.1699)
(0.3156, 0.1696)
(0.3154, 0.1698)
(0.3140, 0.1692)
(0.3129, 0.1697)
(0.3122, 0.1679)
(0.3105, 0.1682)
(0.3122, 0.1676)
(0.3119, 0.1666)
(0.3122, 0.1642)
(0.3145, 0.1663)
(0.3179, 0.1666)
(0.3179, 0.1663)
(0.3175, 0.1663)
(0.3163, 0.1633)
(0.3146, 0.1633)
(0.3147, 0.1644)
(0.3142, 0.1647)
(0.3150, 0.1677)
(0.3147, 0.1703)
(0.3141, 0.1717)
(0.3142, 0.1713)
(0.3107, 0.1719)
(0.3124, 0.1719)
(0.3131, 0.1724)
(0.3149, 0.1713)
(0.3142, 0.1717)
(0.3166, 0.1697)
(0.3180, 0.1710)
(0.3168, 0.1713)
(0.3174, 0.1726)
(0.3179, 0.1718)
(0.3193, 0.1725)
(0.3174, 0.1748)
(0.3162, 0.1741)
(0.3151, 0.1750)
(0.3162, 0.1737)
(0.3152, 0.1735)
(0.3143, 0.1734)
(0.3126, 0.1739)
(0.3119, 0.1735)
(0.3117, 0.1725)
(0.3130, 0.1723)
(0.3135, 0.1712)
(0.3133, 0.1721)
(0.3123, 0.1725)
(0.3085, 0.1716)
(0.3084, 0.1704)
(0.3082, 0.1684)
(0.3073, 0.1748)
(0.3041, 0.1699)
(0.3036, 0.1706)
(0.0000, 0.0000)
(0.3035, 0.1703)
(0.3037, 0.1714)
(0.3086, 0.1787)
(0.1464, 0.0575)
(0.0713, -0.0272)
(0.0412, -0.1100)
(0.0165, -0.0963)
(0.0219, -0.1125)
(0.0160, -0.1093)
(0.1649, -0.1324)
(0.1732, -0.1305)
(0.1466, -0.1140)
(0.0191, -0.1107)
(0.0265, -0.1129)
(0.0441, -0.1130)
(0.0734, -0.1152)
(0.0598, -0.1151)
(0.0742, -0.1041)
(-0.0985, -0.0570)
(-0.1008, -0.0506)
(-0.1026, -0.0456)
(-0.1062, -0.0472)
(-0.1078, -0.0523)
(-0.1090, -0.0476)
(-0.1093, -0.0468)
(-0.1105, -0.0454)
(-0.1126, -0.0428)
(-0.1097, -0.0418)
(-0.1039, -0.0406)
(-0.0833, -0.0430)
(-0.0189, -0.0615)
(-0.0215, -0.0553)
(-0.0325, -0.0525)
(-0.0401, -0.0521)
(-0.0999, -0.0365)
(-0.1000, -0.0371)
(-0.1029, -0.0378)
(-0.1026, -0.0374)
(-0.0131, -0.0588)
(-0.0106, -0.0615)
(-0.0107, -0.0594)
(-0.0098, -0.0627)
(-0.0034, -0.0637)
(-0.0032, -0.0630)
(-0.0005, -0.0647)
(-0.1020, -0.0490)
(-0.0820, -0.0856)
(-0.0772, -0.1157)
(-0.0650, -0.1274)
(-0.0663, -0.1344)
(-0.0665, -0.1300)
(-0.0673, -0.1273)
(-0.0143, -0.1356)
(0.0046, -0.1387)
(0.0154, -0.1421)
(0.0172, -0.1425)
(0.0142, -0.1409)
(0.0138, -0.1410)
(0.0143, -0.1417)
(0.0145, -0.1414)
(0.0133, -0.1424)
(0.0094, -0.1428)
(0.0058, -0.1436)
(0.0053, -0.1443)
(0.0055, -0.1447)
(0.0084, -0.1446)
(0.0143, -0.1441)
(0.0155, -0.1441)
(0.0126, -0.1378)
(0.0092, -0.1342)
(-0.0523, -0.1138)
(0.0423, 0.0168)
(0.0000, 0.0000)
(0.0000, 0.0000)
(0.0000, 0.0000)
(0.0000, 0.0000)
(0.0000, 0.0000)
(0.0000, 0.0000)
(0.2008, 0.1506)
(0.0941, 0.2732)
(0.1811, 0.1462)
(0.1839, 0.1449)
(0.1889, 0.1506)
(0.1818, 0.1476)
(0.1841, 0.1473)
(0.1623, 0.1652)
(0.1746, 0.1691)
(0.1636, 0.1682)
(0.2127, 0.2561)
(0.1643, 0.2739)
(0.1522, 0.2752)
(0.1361, 0.2794)
(0.1571, 0.2810)
(0.1487, 0.2893)
(0.1600, 0.2883)
(0.1609, 0.2744)
(0.2515, 0.2349)
(0.3346, 0.2098)
(0.3421, 0.2114)
(0.3005, 0.1993)
(0.2619, 0.2010)
(0.3174, 0.2058)
(0.3040, 0.2039)
(0.2921, 0.2037)
(0.2933, 0.2026)
(0.2966, 0.2027)
(0.3003, 0.2009)
(0.3023, 0.2045)
(0.2997, 0.2028)
(0.2960, 0.2038)
(0.2908, 0.2019)
(0.2883, 0.1983)
(0.1459, 0.0585)
(0.0587, -0.1301)
(-0.1306, -0.2948)
(-0.1895, -0.4296)
(-0.1728, -0.4795)
(-0.1510, -0.4877)
(-0.1715, -0.5018)
(-0.0870, -0.5112)
(-0.0981, -0.5005)
(-0.0848, -0.4922)
(-0.0845, -0.4915)
(-0.0866, -0.4926)
(-0.0922, -0.4928)
(-0.0946, -0.4940)
(-0.0923, -0.4990)
(-0.0931, -0.5026)
(-0.0916, -0.5024)
(-0.0868, -0.5047)
(-0.0906, -0.5037)
(-0.1038, -0.5156)
(-0.0842, -0.4779)
(0.0136, -0.2220)
(0.1883, 0.0211)
(0.1841, 0.1946)
(0.2079, 0.2185)
(0.1976, 0.2111)
(0.2114, 0.1998)
(0.1546, 0.2484)
(0.1464, 0.2622)
(0.1398, 0.2728)
(0.1359, 0.2717)
(0.1339, 0.2723)
(0.1329, 0.2728)
(0.1547, 0.2581)
(0.1622, 0.2526)
(0.1491, 0.2620)
(0.1334, 0.2694)
(0.1331, 0.2669)
(0.1401, 0.2587)
(0.1273, 0.1918)
(0.0898, 0.0030)
(0.1194, -0.0086)
(0.1949, 0.0063)
(0.1968, 0.0015)
(0.1977, 0.0014)
(0.1384, -0.0080)
(0.1131, -0.0083)
(0.1399, -0.0049)
(0.1412, -0.0048)
(0.1382, -0.0052)
(0.1408, -0.0039)
(0.1422, -0.0044)
(0.1359, -0.0022)
(0.1342, -0.0003)
(0.1355, -0.0130)
(0.2000, -0.0273)
(0.0875, -0.1032)
(-0.0699, -0.0622)
(-0.0354, -0.1156)
(-0.0831, -0.0767)
(-0.0866, -0.0768)
(-0.0882, -0.0699)
(-0.0863, -0.0683)
(-0.0869, -0.0700)
(-0.0440, -0.0816)
(-0.0329, -0.0838)
(-0.0223, -0.0855)
(-0.0297, -0.0785)
(-0.0467, -0.0751)
(-0.0607, -0.0659)
(-0.0666, -0.0345)
(0.1229, 0.0534)
(0.1827, 0.1641)
(0.2010, 0.1480)
(0.2103, 0.1491)
(0.2897, 0.1144)
(0.2604, 0.1060)
(0.2651, 0.1078)
(0.2476, 0.1100)
(0.1842, 0.1274)
(0.2071, 0.1175)
(0.2522, 0.1874)
(0.2394, 0.1883)
(0.2308, 0.1705)
(0.2391, 0.1830)
(0.2600, 0.1788)
(0.3063, 0.1816)
(0.2809, 0.1765)
(0.2739, 0.1836)
(0.2790, 0.1851)
(0.2931, 0.1765)
(0.2690, 0.1704)
(0.2437, 0.1644)
(0.2566, 0.1744)
(0.2733, 0.1682)
(0.2775, 0.1727)
(0.0000, 0.0000)
(0.0000, 0.0000)
(0.0000, 0.0000)
(0.0000, 0.0000)